Ok3ad9OixgYxB1lEgk_9JA,40.1385803,-88.1961686,0
OxMl_jn8qNvV-pU2Dxj52w,40.110967,-88.242733,36
-R6Vfo22FX33o64OLq6Ktg,40.116052,-88.233756,39
D5cTac5rJPIty_HExDbQIQ,40.1117357,-88.159347,1
iUT5YfK0CzfPHuFbJuO_3A,40.122183,-88.201408,2
BSkvsCY2RFMcmx1TfBf5oQ,40.129272,-88.1975314,3
H1dNDQpwpV9SoxbTZSj9hA,40.094751,-88.246951,32
_rrWTz0W1K_eWafh-8r3fA,40.1138182155,-88.2076892527,42
DB5rZ9spvyhBJsqOwckncw,40.112114,-88.241292,36
o5lkDmaSFpMi5fJ-Pp0QMQ,40.126648,-88.207736,4
-0GkcDiIgVm0XzDZC8RFOg,40.1122506,-88.2080393,42
iXln01g2XKREUhI0mhR-Xw,40.1105019,-88.241184,36
YPLuTiEIrkVGxfxzuq54FA,40.106822678,-88.2217281018,33
caK31Iq3TClNCRB9WH9lhQ,40.1097873,-88.2404819,36
AuVNvAunOyjZNxrjiVEnAA,40.1427776,-88.243865,41
6AHfkdtpx7yLOFetI38gHQ,40.110524,-88.23669,39
9OWwP090rPttZOqowK4tjQ,40.106749,-88.243715,7
M73ttBKGZsw1Jg0XbNuKsw,40.0995658,-88.2443819,32
QttMncfha9jK3XLp8MZjAw,40.1104696,-88.2331177,39
PDkUYSaYK6pAJysaOe2FnQ,40.1157886,-88.241201,36
TJszLPPnOPWTJrYqniDDlg,40.1105073,-88.2314522,39
jv-VfERRGsx0-MF7kLj8XQ,40.0842794081,-88.2463756759,34
cT9uP_Lr5bz6jhIqZPlLcw,40.1100704,-88.2395746,36
rEZwXREmDpqDigTNdeHt8w,40.0918284,-88.1890856,43
sBw0ZgTVeRgdOA3sfGIcwQ,40.1183795242,-88.243701401,36
1Vmbe7dsvPQMu4FuiH_LLQ,40.142536,-88.243055,41
k0kNhfkp1GrYE15YDApKMg,40.110554,-88.232373,39
2a8M6vtfWBbrahxMtWHBAA,40.099626,-88.246989,32
_wsqtFg_yKW8Uwml__yllQ,40.111959,-88.208652,42
l6KWHEZMr1AuabPA61wlUw,40.1076966669,-88.2436596975,7
a4JU2JqAbT0p8_A8s_v8Kw,40.101522,-88.24448,32
D7ENnY6AzeFxlhNfnVH54w,40.110039,-88.229804,39
Ojo0aGQ_aYSz88VRIda1Kw,40.1111456,-88.2441689,36
OkNhrobZUhpybZlpHAA_bQ,40.1099251,-88.2314617,39
0mLadTWoDC6K_NFLMe29mA,40.109988,-88.240506,36
UcuoAlVyNXeD1Na9M47qZw,40.114686,-88.1813252,5
sPI0AqWHMeJB_UeZ5FRscg,40.1166989,-88.223116,6
oIU_awAiDThL0Xz0iGD5TA,40.112708,-88.209446,42
m1Ro6dEz2k6BKG-QMWLOew,40.1068632,-88.2218637,33
UBriZt4m5BzkvNqnCeuGmw,40.107102,-88.243891,7
ec1gbPLxYhUYDu_1h4c7dQ,40.108761,-88.231538,39
jCMa9iWw0DV3mN4oGsGoqA,40.1368061124,-88.2401256394,41
qTUF9fYsvkCRwafeT7yduw,40.114218,-88.222785,6
Y4N8boBcDrlPVUx098ml7A,40.116827657,-88.2433574314,36
j9N_fG1PVCSY-3HY1TRQ5Q,40.1097893,-88.2408101,36
vtWeg3xUqAExPb4Wg9dQTQ,40.1374653,-88.2414285,41
HoPjCb6u4pIIsdYIQXpi_A,40.11013,-88.227321,39
yKgH-EgKNuCFpZp33SNxlA,40.116802,-88.207854,42
k-j3G8zk-7x6bx4Sl7_hPw,40.133726,-88.217715,44
_Oy_MV8Zcl3AhEyY0_Sgfw,40.1119575,-88.212909,42
ygZ1n-RjzZibC80NLgHauw,40.1158806,-88.2389765,36
HyxmWAqPss6HdR90m7Y7mg,40.1122318621,-88.2065666725,42
w7EH4zrif6aXR7zdLQ1mIg,40.10896,-88.2055674,42
3pIuAjUfiXypUbXAdQF6Hw,40.0997032,-88.2458667,32
OjIjvk3J3Lh8dsS6yNzkRw,40.1117875,-88.2261596,39
AEqvyxNHm3YFzArBinr2_Q,40.1112417,-88.2071629,42
mbHfXlcPGQyPKtuh5CJ1Iw,40.114132,-88.238369,36
fYE54FZCIFYYdFs-AkqRuw,40.1114257,-88.2304288,39
x-A7vE5osw_76F6KvH8BLQ,40.13845,-88.249578,41
Fotw6E66BeFFmpP_q6RGBw,40.1398883259,-88.239569676,41
Rj0EiZoTEHqUo_wt-MTd0g,40.1105978,-88.2428884,36
efJQBC6yfKzUvn0Fk08vbw,40.0996049,-88.2447,32
mJ5pG8e8sn8JNxERwdP2Iw,40.1427776,-88.243865,41
CcsJm10_5ULE0j41DkcQ6g,40.117237,-88.2431919,36
VjqxGg-jVOmU_--NAYCrQQ,40.107102,-88.243891,7
YeTgTdVi07UhZBv_LBh_kQ,40.1105839,-88.2070866,42
SylIXJBWAZ92eZ-NgShUAQ,40.119933,-88.2428274,36
h1kMWbt6gjkIy4VC8VqVuQ,40.105187,-88.243851,7
WuYyJjMOQ9-mYArlNWlaig,40.110039,-88.229804,39
1A_4WE4hdpdU3pG6PWUOVw,40.116869,-88.242964,36
gwrFXlSudWuA-zxZeE5svA,40.0977581,-88.2487949,32
p8GMdsCCy-NV_wZuDaU2Jw,40.1170558,-88.2432469,36
ymGJaPobZ_LrH9wQgTjeGQ,40.1166102,-88.2412504,36
lPySbFYBYXW1zepKUV4euQ,40.118791,-88.2413056,36
8diLGO9WGVQWr05FWZ_yTw,40.1105469,-88.234234,39
d-H7FdvcpIE7pQ-Z2Yl_wA,40.1168629,-88.2434931,36
SQASst3NU4tA-t4cmWLILA,40.1105931,-88.2296109,39
yTlW8Xh1wPpvHBl3dGz9mA,40.0833818,-88.1905185,35
EkAWF-gd-OKeXdkUKLVXtg,40.1379861,-88.2421214,41
McjqmrsudvpnVxtYJKSUtQ,40.0982205,-88.1907117,43
oVX8BPEWRl4iBgApA3PBYw,40.0903007,-88.2458718,34
uJczFcnoK8f9uWgtb0hFGw,40.0815676,-88.1888124,35
1EmxN0Sc4HX2eea-j4Lg_w,40.122974,-88.224435,8
N70nPldbHWvPo2aNYHlW2w,40.138742,-88.238287,41
sVzHjxevdRsnTcvUxk7BXw,40.110541,-88.235002,39
7WgzWz3U41Sdb27vaHmUGg,40.1379813,-88.241478,41
9e-gMksoWj_briBaVN00yA,40.1071641394,-88.2230068529,33
dvO4zlxg3GoK_CiqbvtxbQ,40.1137608,-88.2088348,42
_iA4svuQPq5cMJ7HfwYN0Q,40.1166489377,-88.2230757952,6
XEG7u_7iBmJAnAe30uJtdA,40.118679,-88.242863,36
7ICHhzV20NHITwLwaVWsQg,40.1138007,-88.2053424,42
hqA05Q0Y0Ufv-rDpA_85Eg,40.1105839,-88.2070866,42
IXnTbbzgUGe-gTs56nJWYw,40.106689,-88.223507,33
R-0IVFEKseAL9wYgIhPy1w,40.106589,-88.2217624,33
ucqMmYA5hiXZO1uV0YN8Vw,40.1104207856,-88.2297450105,39
m19xUciXTS5zcjkYiy4xUQ,40.115813,-88.227516,6
mprjMn4dqDTFCS10q9kFNg,40.123643,-88.200627,2
sIbFKvkV3yTH7QJJBDi1UA,40.1111342,-88.2088925,42
ivZo1goh7HXdep03NfA7Cg,40.110373,-88.238918,36
doCqqCuoDsIQYDSY2gkUtQ,40.139909,-88.245428,41
Eoq2H5z2iQHr6uCdIY6IIg,40.1041806,-88.2267204,33
rG55ylsEVyxPUYEGqShnJA,40.1123076506,-88.2083105296,42
3BHId7STldaICUk-WVE7sA,40.10933,-88.231668,39
QZBQBQkNEefPbTo5SIoE7A,40.116102,-88.2216645,6
YHHNxJVtuays5-uJSNgxpw,40.113786,-88.243041,36
BeLcR_j30FiNj70osGXOVw,40.1097607448,-88.2272078138,39
NQvZ_RotIEalBKsJ8zuLIw,40.1064412,-88.2236523,33
G4x5E6om0Am7tqJfg63q3g,40.111222,-88.2384639,36
7LAtL5exU4nrC-5W6HT4cQ,40.1221403,-88.243543,36
h9xdY1NO4GnNijNChTy-8A,40.1169069806,-88.2426019246,36
WzkHcPgmNHAbTgwjNNMhCw,40.1123976963,-88.209259671,42
8gZy9OrA9h__P0TVlElDtw,40.1159902,-88.2316279,39
GNCN5Uy169ix11VW_EAC-g,40.1084118,-88.2439872,7
_qNtxbOB6ST8Z8OiO6o61w,40.0944108,-88.1913764,43
0h0CK1TUmQ28D67KIqDjDw,40.0952257,-88.1930909,43
fHZmrq8vkW3_ot0-1fhMPg,40.101862,-88.2317371,37
XfqqfNrnZgEE-78OMuCqsg,40.098318,-88.2468743,32
R7oNZOg09xgqLzbqzVQxvg,40.142648,-88.244297,41
1tK0k-vRgGFC3oSZNUJ58Q,40.110474,-88.233544,39
wyybGK78UmCoc8TNfB9x_g,40.112609,-88.2424159,36
-sj2b_RU1vQPulgdB7tu3A,40.117278,-88.203156,42
KQXusKEWX5iTdzSJStW8Dg,40.1092811348,-88.2313949615,39
eSVQBYV8HU3Gna2KOC8y-g,40.1182231,-88.2435515,36
75J72bE46rJQwmaeRvy1Lg,40.1178493,-88.2450179,36
5UvM_u7V4x2pQrsuzPdA_g,40.110569,-88.203507,42
XTvOfTQignwmJ8d_wWzNqg,40.1164204,-88.2433829,36
-ACBdnpO32tpCaCQmScDGA,40.0877157381,-88.24789421,34
Uw1DZhEtTmLzMcXmdpR8Pw,40.108174,-88.229693,39
ey7-ihj-OjM4sEOwWTc06Q,40.0929349,-88.2460289,34
fAl42qNbAlG9G_Yu_Gq6SQ,40.115868,-88.2113762,42
9tMFE8ZgDV3ozm58wCmOZA,40.1138098,-88.224083,6
LeZO_1xSOXZpRft7R8E3Pg,40.1379855,-88.2411564,41
U2VUcIbuxGT6rK1EETf8aA,40.1105931,-88.2296109,39
L3S29vAyPOxmDZ04AilwnQ,40.0997492,-88.244739,32
6F0Txs2KwRHXvdmfGSNDsQ,40.1202006,-88.2435455,36
10eUFLhA725dAnR-GqUPiA,40.1124572,-88.2080181,42
31LKw0AjFdCvGH2fIE0cwQ,40.109995,-88.22911,39
2SycDjGWWpFs1ODL-YBoHA,40.0865581,-88.247006,34
fXpuT4mNzxzUZbt--vqzIg,40.106437,-88.221653,33
a1CduvjSstYrmSUoaOHYTQ,40.1126867,-88.2302994,39
Vi9dFbRNDO8BzXJuCdVufg,40.1100319,-88.2330779,39
ew5MdPbrBWKV6XIO9_gieA,40.123643,-88.200627,2
Y6jWHVbcWULr00HHYLCRyQ,40.110053,-88.2308539,39
gVSokyUWqy14UEp_JNVL7Q,40.096139,-88.245141,32
wRJURncpTnLI_kf9bu87lQ,40.111024,-88.197063,13
PNTxTIpcM1_NVMO9i4Rt_Q,40.121275,-88.242132,36
1j7xdgHkm-zU036o9EOUDw,40.117743,-88.240826,36
zk9jN77t4q0mSmPHRwPojw,40.1099093,-88.2295366,39
gtBLo6tkIsU-OlUegS5RzQ,40.114015,-88.243971,36
q3CvvIGHoEfe4EuZIxElpA,40.1182778,-88.2172578,42
JwBxcuZ95ElpDs-26yQwmg,40.0982271,-88.2445515,32
7bJ3goEhvFu_FFiyCad2oA,40.110827,-88.231612,39
J6CgYpa8zFFo1d4GUXnupg,40.0872029,-88.2188933,9
u5ppdaQl5e29ggQSBxhU3g,40.1107889,-88.230157,39
WwWJLkVOb_ZGdEeY5gtaqA,40.141728836,-88.2410270977,41
9ZQ5wHdyytbW-nzG2prjCw,40.0985832214,-88.1928024292,43
EJCIIIy4RghSG3Blsg9BrA,40.1112203703,-88.2290604075,39
_FAKUOcKi8PoztprX95oGw,40.112708,-88.209562,42
V48fYB300B2Bv5Dnv4FuZg,40.1160324,-88.2190133,6
Z8EGaOokvK2hoD6tGup0MA,40.1375274658,-88.245300293,41
tSObxv4wRa99nEDaB8Xisw,40.110554,-88.232373,39
lGaTNifOCbsmKqYOu2XS8g,40.107102,-88.243891,7
UvQCdPSXUdnmzbDEtUaoXQ,40.1160268,-88.2301808,39
icumGKhp1TQEPBm5kUs3XQ,40.117421,-88.2406818,36
M-eAou5siImNKoxxcSEX-g,40.109909,-88.240973,36
RdDRWuHNZVUCY6t-VkVsAg,40.1154409,-88.239519,36
V69uCAppP6qyBZGq6Kv8_A,40.119068,-88.242791,36
SoyigEmlt4JYwnOqR_cqUw,40.096106,-88.2454553,32
oHKjjwehNipcGIYBThWg9w,40.119807,-88.2438559,36
zWywRjPZSKVieUVnzE1eLA,40.110083,-88.229496,39
Wnrcy1Z7BHMej6i0xyKMXA,40.11,-88.2099999,42
HBCVabWTjFctAbGbgstTYw,40.110929,-88.212056,42
rE8048_DAh3Z8Tep466wrA,40.1100319,-88.2330779,39
TqxaS4F7SY74QqeUoESCfQ,40.0995943,-88.2443402,32
DgVuAbhY9UqeKkE6iv-RrA,40.0996943,-88.2228541,10
hXjOPGuc2mbzQNregzer9g,40.0930433,-88.1906702,43
8EwJ8nHWByFRsC-dWBUVWQ,40.0935474,-88.2457236,32
XPmdbNofdUUGQuc6QxD2pA,40.0987255,-88.2470903,32
C9ByKP-8hORBNPBv0sCqbQ,40.1113533407,-88.2070030915,42
2UAbUSTMsR9G26A8AYO3dA,40.1169853,-88.2427068,36
tvajpNC9pqnT8fCw6G10Tw,40.1126156,-88.2419785,36
sjTcWgLS3hGvH_v7GOE37w,40.132788,-88.221994,44
BP97hODPAzQvspa3NcyZPw,40.107661,-88.233757,37
L7emIRsQR0aRnZrpppIU_w,40.1180537,-88.2040613,42
VY8GOpewcFZpfNKf-rsLvA,40.118535,-88.244666,36
dAJ6DX-GQpd46CuwXwFT_A,40.1126999,-88.2288858,39
PBigJygtmkRa-b2QIR8JDg,40.109259,-88.230699,39
deLj0wIgJYOPtyJCn8ar4w,40.094314,-88.245199,32
gVp2MmQ2VP8bzeObzX6Qtw,40.1172781,-88.2428439,36
BAPuvOua58_WpsblqbPeqQ,40.1105875,-88.2072697,42
VlWL5QDNc0fFskZeougbhw,40.110756,-88.230634,39
pygZcdPZ-XMp8CY8_5tE8A,40.1101982,-88.2430455,36
zyIELEt6zTdBvGgxReq86A,40.1124238,-88.2082406,42
tWDmP2CxPiIHcrcg9ZOUGA,40.1092784,-88.2317452,39
jKPEJgRE_WvryvExq7zogQ,40.11052,-88.230628,39
TYyzrCsnGu7Dy8QbH5b4nQ,40.114144,-88.239757,36
U_km3yV52pqscu4mlXgIWw,40.109335,-88.23084,39
YUXKDhvZlODJ5_QlrXIFLA,40.117021,-88.243038,36
gJrYa8zt84G5B5-Q1YQc9g,40.108013,-88.222747,33
WN2zGt0Oueimih0Raow1lw,40.139173,-88.244581,41
TvJxDdA_rGs3dQeWOAGVKw,40.1168107,-88.2102582,42
ZcAPBAbN1E-8q1-CLY8T6Q,40.1399611,-88.2447134,41
puALGki4PVdnsAYBeNPCnw,40.0860394,-88.1873157,35
bcW-OuYklAXeEZWBgc7TaA,40.1170088,-88.2432482,36
xwteMLHEtxdTGHASpXQcfg,40.1106185,-88.2312662,39
YUxbw8bcfSXzn1BX06gg9g,40.110524,-88.241673,36
jfgQ8qhbYEUKt3L90vaTAQ,40.1221403,-88.243543,36
VZ3A1pVQFwzNGnsNEz3FiQ,40.128228,-88.199861,3
Yu6TFYr8jgUFbV6xTwqbUQ,40.1092749,-88.241482,36
Kck9wE9Z1S_xxzglh1Qdwg,40.1004504,-88.2439462,32
WO4W1recRl2HNBufSDDC4Q,40.152712,-88.185311,11
6W9v1zcSeWuYTg88FqnZfg,40.109243,-88.227253,39
uhzZM-WwNsaVuvGRjv3mXw,40.1100629,-88.231789,39
ev1lmQJKafya4DkjylRyxA,40.1127011,-88.2407279,36
o8NY7kXr7RVD2xSDkZ-TGQ,40.1111456,-88.2441689,36
xUgj_KF0-XRv_DBj96Yiaw,40.1111456,-88.2441689,36
-dg6piX_oJdUMTGgdYP2JQ,40.129519,-88.198912,3
9p3O_KoH3muITR-9WgrSnA,40.1031471749,-88.2442199019,7
mv1gFZ8FYsFIOTENKhXddw,40.1134471,-88.2030657,42
3uDryXqpoRG5ZKYkEsg_zw,40.1105984,-88.2290979,39
xjSFeUIvCZBzDHwQ_26TJg,40.117278,-88.203156,42
ponsgEoUUKJwr-TzcM4BLQ,40.119931,-88.243878,36
CvYXcaFhgZ8WlM5iJ0uS5A,40.112708,-88.209562,42
OeuVJI9-JSjGLDBxtntsdw,40.1175503,-88.243507,36
f5aXnsPe190p42LMaevHkA,40.1178493,-88.2450179,36
jtZ2wXv8yezdvaGhv6djeA,40.1167131,-88.2209011,6
LN0mZ37BeruC0XjyhES-ug,40.116832,-88.207131,42
nYb3nMwhVsmc-hQRXRU4Sg,40.1385239,-88.245764,41
GMTCRbO-3Eg12sxyRyU4Bg,40.1013126,-88.236018,37
DjJS8vJXzmpwMUEAcxCexg,40.1190386,-88.2438816,36
sH-CPe7chQDfb2fAWHAMrA,40.1211828,-88.2434596,36
71Y2auyWKWwH_gh0sPCrTQ,40.115663,-88.182324,5
LxNSRHiE33bjE0ZvTkmdBA,40.1164204,-88.2433829,36
22zFwtJGYhHbWiFS3GaJ7Q,40.11054,-88.207147,42
PwbRW6LS38urNTKgBfhN7g,40.104509,-88.221953,33
rJCou4KxXdgLfWSpVdGzVw,40.1105875,-88.2072697,42
4VBumv4lioLm00DxYU0cPw,40.125897,-88.199349,2
p3hX_0h-z__vWabQhkfDdA,40.1180359,-88.243877,36
FJidk-NP4mxLJJPGaHUVJQ,40.112708,-88.209562,42
1T2rnvl67Gk9Uc0gzsCKQA,40.109713,-88.2317829,39
IXsNYt0VYx-JdGRO2hIqtw,40.10705,-88.234722,37
9ltD-2W5nztWNbfHvkTMXA,40.1180841,-88.2450068,36
lzzV4OxJYU2IQyx-dmMMfQ,40.120624,-88.193,12
xFoOS3bg_8T5zFFtd0TFXQ,40.115404,-88.195252,13
I9tmP7Ip53LrlUWihxZ_dA,40.112189,-88.211629,42
O-xojjHJsvug_o8ssvO4uQ,40.125897,-88.199349,2
ctcFLAQLytYlXGQc2EfCHQ,40.1163048,-88.2435213,36
4jlqFH3cZsgRdWxZ6kwwvg,40.127874,-88.198572,3
wGp0fgsmqCL8ovLwQrlSKw,40.1065086,-88.2212475,33
XMLbJeauBC6DANgNsJO6CQ,40.126987,-88.238622,40
hZIS1FL1vc62GSgZWgFeLQ,40.1139068604,-88.1641921997,1
518uzb7bRmoy7Ne14j4SPA,40.113786,-88.243041,36
gDpaJNo0-DX7ue0UEfjYug,40.1111456,-88.2441689,36
1IxGmH6sn7CnUl8BVwp5hA,40.110515,-88.237634,36
M5E7DW8rqI4v37HhD2pzGQ,40.1178493,-88.2450179,36
swQhtm-r6dK-uDbcf8CAlg,40.1099849,-88.2327276,39
0P0XckSv_2_ZNKoYlhT4Gw,40.0856319,-88.246188,34
3O7wZ4UqrOL93AgS-QCfSQ,40.09831,-88.248378,32
8H_FVFknmv00VmdS6aFisQ,40.1328743,-88.2203993,44
9SFWEreW7wAXB3zYu28r_Q,40.0956999,-88.2454984,32
-fuY5dHBJsYQN3T9CEBKmw,40.124499,-88.187988,14
1ohV-AKGrQDXFtpOxrZqJQ,40.1130142,-88.2338552,39
cmLB5X26RJXWdZ2qrS5KOg,40.106704,-88.225188,33
bshpPwiOvUdr_m9jFfsWTA,40.1172899,-88.189929,12
R3dSeFD8k_Z-EHNLlUELiw,40.1186156,-88.2041131,42
RSk-BYX8s5027cKo_aELrw,40.0879614,-88.1695257,38
rEVeAGHgcNdmNX3Vpnl-Vg,40.1268994,-88.2195493,44
ITqXqyKqe07aFTs9iG70EA,40.1138245,-88.2240759,6
jDIGUqSg8nnoym-_nCoHOQ,40.1063059633,-88.2301471037,33
mRJRbeqRxciy0iGzc01uZQ,40.131581,-88.221811,44
UrxAu3jjRM_u6iQXDPzkSQ,40.110085,-88.229304,39
wO8c-FbduauxCGiEHchGRA,40.1128225269,-88.2090229914,42
jS0mmzYf4mouMEcGzQ5Z-Q,40.1104696,-88.2331177,39
I5-eOvvoKi9yODM5HqFS1w,40.130801,-88.219035,44
DntkMrzlbFPdOdxJtEWLBw,40.1048087,-88.2242703,33
D8T0g536y3OLkGKuPXSLPg,40.1427776,-88.243865,41
-OLUNSLGstG6qHkANPP_IQ,40.0908662,-88.2457451,34
p8V-LWH04dHLwri23qUyOw,40.109243,-88.227253,39
GpMijrYiLAU0FdOQo9Af_w,40.116164,-88.242955,36
r30972eLmnjKbKNc_GtHwA,40.1182345,-88.2435423,36
nDdsCw5YkVXPmMQhp9iAvQ,40.1092117,-88.23147,39
q8gBakl8Z6NOS2oTu8d6zA,40.112846,-88.240661,36
H0D2HYqLd9MRCq68rtbTyQ,40.1358519816,-88.2411279505,41
uvcPU7IuUHOwX-mBZeELlQ,40.1105073,-88.2314522,39
ymqyjyFQ-iVPmqfNs82NTg,40.1104174,-88.2360945,39
jQbdeplrAxIl8nM-eDeiRw,40.1177896,-88.2420424,36
kTQTNHisX6E_6U9eEvMlGA,40.128357,-88.198476,3
U8fJ4fEhoFGqxYLK_VNoEQ,40.1111735243,-88.22904367,39
ZSTTU_-duEqyIDZgLV45DA,40.110086,-88.229227,39
F1UsF9LU5h7xp1k9LytT-w,40.1102799,-88.2298014,39
4PatE4TUcea0Dj0hKICGJw,40.116138,-88.21977,6
eNEV1AbQsDMYtxCeXXpUGQ,40.103246,-88.244236,7
zbfGsSEKu4OR1QAZaV6V3A,40.1128485,-88.2456257,36
BYqyxLaW9aIQ07BRs-Khrw,40.1108998121,-88.225634608,39
AOGzysBmiU_lQAh6YVxarw,40.108173,-88.229887,39
JVN1hH17NG8xLp8hyJtMBw,40.1354605,-88.2000889,0
6U94ybDpNd0fTL7TIzb5Kg,40.1177419112,-88.241513984,36
amHyyeQJ7Q8k8jTw_miXLw,40.0989,-88.246075,32
cKeTgzjvNvLuDTK8R7Ttlg,40.0967452,-88.24561,32
I9iYkqmioN8MuWEB9wWxkg,40.1092217,-88.2305203,39
-StiqyQX9YxKb6VYp2DRfg,40.112846,-88.239454,36
Vdpy1H38DUr-SAjmiJH9_w,40.0729250439,-88.249300854,15
p5CW9rxsjQ-oCcjCaCw_8A,40.1377735,-88.2416904,41
2cW9LyHHChCSmcI4lBs5sw,40.1124516,-88.2082596,42
FCvv0zwAzlZIwoh8Tg377Q,40.1427776,-88.243865,41
27q7XsLrKPNwr8i5RcCOvQ,40.1050134,-88.1925483,16
4qe-LsO26fb-53qzAhHr5Q,40.112601,-88.200701,42
6pHQWt6OgTivfOk52O_Wqg,40.1112551,-88.2071686,42
jYsSKOk5OmAniCp_bYmS1g,40.113363,-88.216485,42
NEhBjZYerDPmEBqXBCfTIA,40.112869,-88.244493,36
QVim0C9ObKtTUDLq0MgqqQ,40.17793,-88.24037,17
ZW0ddYK2hVbnMfm6LQiprQ,40.10769,-88.239062,7
JCqFWCn31OMSk-vqF5aYNQ,40.1182854119,-88.2433998585,36
KWXYM3bpbKrC6QNR9dxf1A,40.1166989,-88.223116,6
X3WnRljmATFjSluwVWFzdQ,40.0902181796,-88.2462392251,34
j5EEOKd7VAXv4Jxdxi9qgA,40.113679,-88.1976634,13
gmoRsm6hq3PucLT_dOEf_g,40.082489,-88.188965,35
YkKEsYsSpOkDBbHBGKuWQA,40.1057373,-88.2194085,33
Aln3dngHMyG6OyPBe7fucw,40.119807,-88.2438559,36
jogjR7HQSQaco6U1ID6b3g,40.1102889,-88.2324709,39
O_HxmcRtxdJluerS2RYqtA,40.1104309,-88.2272917,39
__z6UGquEWJ7zxGhWF_hdw,40.131082,-88.242982,40
_Ho1Uzgc79ecCVksQuQo5w,40.0909396,-88.2191903,9
lU-BbLBvF9GsPNZ56rnbeQ,40.112111,-88.212589,42
bi5WD-l4DCkCEuYKOYrYtQ,40.1155244,-88.2438479,36
KsP8Fv4SKr4dg3P6C_Yszg,40.1117245259,-88.2088422693,42
C9CCYZwmyzdawHa3WAoH0Q,40.1427776,-88.243865,41
99AKqssa7ijKJzoSb7j5Kg,40.0940675,-88.2457853,32
1XHZT_4TFsgtRyRbI84Hfg,40.1167919,-88.205811,42
xky2rWT8kpsdyJ4YgZB3Jw,40.1104641,-88.2439326,36
nvBLtxbaC2sDlHKbDZ_37Q,40.11011,-88.229918,39
xWQiSAfM4m8TATkwjVj1iQ,40.1160349,-88.237777,36
VKagKVAGMtIeWaMw1zZLbQ,40.1065109,-88.2218027,33
wgxR_tEXgyNM1r4LFjhrOg,40.093268,-88.1982699,18
u-y1z3usKenHtOGrH5Vveg,40.1334216,-88.1994685,3
BH5ItzgUlz0GoYJxknV3Zg,40.1123878,-88.2021935,42
OasJ_Jq4cUEHvWLa7UoQzQ,40.116631,-88.23472,39
SZCF6Tm-9jeiHQH9yjeHXA,40.1059233,-88.2120315,19
WQ16lzXkx-y8Ahl0d7gSsQ,40.1103992462,-88.2298402289,39
UqPDUzX87YHTMoFGvuXPWQ,40.1121494,-88.2082725,42
DWjperazeOT-Hu1qpO2_Bw,40.117021,-88.243038,36
KUpdnQi16DGP54FlDWOJ6g,40.1375386,-88.2444325,41
rYFNciGj7nGw7BURoeLB5Q,40.112777,-88.243852,36
1S07OVrtlA53CACci5jWgQ,40.1139865,-88.2029151,42
umWStNDUdE1QtbnPjPCfwg,40.11105,-88.196084,13
xt4QrV09JV27QzNfOoEcrA,40.1112508,-88.2072358,42
qevmzWge4_pwJ6SB8gKTiA,40.12125,-88.242802,36
qHxHoNwd-J3aobA1KQ_NaQ,40.1427776,-88.243865,41
KcfB8LY1aiMI4n0v1eaL1g,40.0986828,-88.2447344,32
OQIDPNTLuOD8io9FoKKIKA,40.1101985,-88.2402729,36
yjSYoypYG_B3agLU1qT7VQ,40.110084,-88.229381,39
RTNgOBavecCEdc5yyGAaqQ,40.0995146,-88.2448139,32
d1ZT8gm7MTNHipyHEphKYA,40.138507,-88.243173,41
_aQl48r1YP6FlvgdDkF0uQ,40.1105839,-88.2070866,42
p0LQaYpCZ6Gpft8UqdNPgw,40.1315319,-88.2173243,44
52GfbenV9CybzFTvUjajmQ,40.109243,-88.227253,39
6M1F5AECDtWff1Tu3uLEWA,40.110554,-88.232373,39
eNkcAybTjlxy_V0k0nD0UQ,40.1128,-88.271074,20
-8K8-vbPt3Nv9eaBkFTrSQ,40.137818,-88.191588,0
cHKEoEVridjGNoWPS77XAQ,40.1123633,-88.2445047,36
qDzuNXV-Cl4MKLXtVX89Hg,40.131581,-88.221811,44
ESF95kOxkCYtc2-JKYLDwA,40.112407,-88.233285,39
3lHBRYjfaMTZeWuQs9vvQw,40.110554,-88.232373,39
eKzME8Ax_RHe1f0YmXD8tg,40.1132101,-88.204989,42
wzr66Biu-Cn5VV0kTkADHg,40.1166719,-88.204025,42
MVH3JOKpQvMTP4jxwBUhkA,40.1103799066,-88.2301879674,39
VI-zVIlK11AUz47mro8nMA,40.1329741,-88.2188301,44
1R-iJF270PgD6kMPcugQng,40.0922172,-88.2452724,34
WE6RDQY72wNLO4u6duq2Dw,40.1490976,-88.2485484,21
-zp9i-4tWoyqX8SJE3jI6w,40.110634,-88.207179,42
jO-ttNypCvyiirNMX0-I5w,40.128228,-88.199861,3
a5KCrsAe0G-FYIGrVVANgQ,40.11679,-88.2092459,42
9w1FCHEGc2CWBl0nzX-SUg,40.1097387,-88.2273147,39
-YBgB_eEpqfyQk57VxoK2A,40.1369741,-88.2399527,41
KGGYlneCtF4xQT9T5eKV5g,40.110827,-88.231612,39
54dHsqbpPjpUtjbS99DEOg,40.1175979,-88.2413998,36
yJPxFeq8SZonNANYjTvEdw,40.098168,-88.2191139,10
rKaIBzG_LGJFHsy7Uqpzmw,40.1171407,-88.2414942,36
q-CCGjdWS5Vui7RrxyqYAA,40.083276,-88.248943,34
hed-iIA7X_l_h38K-q8Wmg,40.110524,-88.241673,36
ljsTa0MiQyVfKrgq2FOKdg,40.0975069,-88.2452826,32
u-uLHVaDZdlbQYmcYeFm_Q,40.1104614,-88.2318621,39
KvZ-05xTCXzEx98ZHsZ_Dw,40.11698563,-88.242283532,36
oL91dKGJxL7F1u9X-QKXiw,40.1068411,-88.2218579,33
mf8ZmzYh6zsWPb59hvmfoA,40.101862,-88.2317371,37
-6GmhSnM8D48JtJkxVAmbA,40.1104308,-88.2326799,39
XL5MmKKzob_TIiRW_GnhAA,40.111454,-88.2046189,42
DWZ1_iy-cTeehK5FTiqH-g,40.133231,-88.198592,3
bkbOmsZ9cOggOnpKsxOyiQ,40.1066554,-88.2236278,33
INMS1eoB5V-22QIL33CgmQ,40.1167446,-88.2144857,42
OudKRHY3WCLDKWKtIna9rQ,40.108525,-88.244056,7
49Xg1z4Kw1LmNW0qZzSGQA,40.1166867,-88.2237355,6
PeQ3gtLHAg9ov0YuM-m21A,40.1165558776,-88.2420127724,36
cFivwA18popY5GH2tJtXlQ,40.1127011,-88.2407279,36
0a4lX5VhCXJOwe-idxnVbw,40.111959,-88.208652,42
Q_y3CeG_tsKTang0NHtVLQ,40.118535,-88.24481,36
LWCundUtM5OWdYxCU7daXg,40.1104641,-88.2439326,36
-3GT67Nuddlp4E_Udb3GKw,40.105828,-88.195036,16
na9xfnf3Lofxanaiu66w2g,40.0935532,-88.2376606,22
BDFtqAA9zVXjyueuSIafzg,40.1122506,-88.2080393,42
t4FL-MdlSLgjYSGSD2_ehw,40.116619,-88.237599,36
mtQHSFxx35emKstqMxp9Cw,40.114132,-88.238369,36
leH24AjTrmcImAbsdh4HFQ,40.1103674315,-88.2306395688,39
H8zZGpE8mNlqxgYXnRlSfw,40.125869,-88.199848,2
O-4Py5dP582vRWThhHz66w,40.133907,-88.2486681,41
ubie7PKVVzhyns7inLk6SQ,40.1164204,-88.2433829,36
nZd7shef-v4CMNGIR8utNA,40.1427776,-88.243865,41
AjgLxtP_cejKAlw3GmXpsQ,40.1167919,-88.205811,42
_dOcOVjrFcIKbMWX1VTdBA,40.1147989,-88.2384807,36
cF2s9dlQ0ZiSDUdH-odoKQ,40.116138,-88.220314,6
S_hwMengYTR6qapEbBBxOg,40.0808719,-88.1904406,35
DjBOPyah_khkgxpPOqakTA,40.1366672636,-88.2399581952,41
ekRwCkp1nS1hsbXLAOiPzw,40.1105984,-88.2290979,39
YkQoGYjcnE7HKCv20W0IIA,40.135747,-88.2479802,41
IjW0gPBiz96xpoiDllcvEQ,40.11098,-88.219931,42
EMjKhNWBprdlb5Obcia2uA,40.116061,-88.231376,39
6Ori-rHJC0lJ6uEt4D_Lkw,40.1108681,-88.2283044,39
G7td0ad3wqtEODTJpNjEZQ,40.119807,-88.2438559,36
CSz3N4vSxbMZi1O2EXeKbQ,40.110208,-88.2408694,36
PYG1nrz2yYDSQk3W-vYwAA,40.1103747782,-88.2306922227,39
63KTpis8iBN83Cb5PXx9Jg,40.1069877,-88.2215126,33
4BbGLCKxkcoBNvPgh3oJ1A,40.137122,-88.221646,23
pA-TU5anRV7T9abf0oTgtA,40.1096989,-88.2303608,39
6HKjKhgDLBpuZFNBOCzVQw,40.086902,-88.247837,34
vubRS4bmJ_8yXpn-67wNZA,40.0962948,-88.1920978,43
TxWfLkj8LLlVLBgA0woYEg,40.109909,-88.235626,39
3FAaEsYznpJoo0fOA1yuBg,40.113724,-88.235132,39
yrBJWeJwSimibckkHaWLyg,40.1152039,-88.2433126,36
JlcbIU8V6ohFCwfuMr7tBg,40.0935532,-88.2376606,22
CVKUrl20STu75dE9aQC1cA,40.105187,-88.243851,7
0kRBRm5xOWclzemsLl9iQA,40.128807,-88.197784,3
y1zWQYi3DgEiQp3RML-rtA,40.1092117,-88.23147,39
iHz3Rn0pjAcO46LXv3kuEw,40.13579,-88.24628,41
Rx3CmXgtY335QhdIN2u_1g,40.1155274,-88.239229,36
1d5XAAH39FKenV3_9gcFIw,40.0950526,-88.2452533,32
KIg39mlb7WrjEbR0ImPyyA,40.110231,-88.237045,39
fMg7nSN54-MC8jR7apt4Kg,40.1092429275,-88.2272529602,39
yZwl-dXM4SpEDEiihrfZnw,40.1099251,-88.2314617,39
BnHVssX00VthoSNsMVO51g,40.115755,-88.232332,39
GpxGxY8Txj509bbQPCvNQg,40.112801,-88.239078,36
cMJL8kZOF0VsYMhM2DKkBw,40.112354,-88.24319,36
cQCiDQTAhdIuXkLZdvgPAA,40.1424478,-88.2433919,41
PkfLjI_YQDKv5CxY8HRoxA,40.116563,-88.242159,36
iCOvcfVRfi-f05aeqBLpKg,40.1100246,-88.2332899,39
QUZUgIHFKgYEgM-QNROgHw,40.0910571,-88.2457148,34
QHoZ49jZhGnVXCmiXB-__Q,40.1121498,-88.2384776,36
-ITQFFUePZYEH8Rjd8J9_Q,40.1167333,-88.2428608,36
UOqPPWNCh9oeXhv3SrjWBA,40.1132632,-88.2390528,36
AB5RgQ0ZnMThdqgFS3cPuw,40.1171251,-88.2426687,36
c65reTjPjbe7wm3oUk3HRw,40.0965462354,-88.2357792559,22
NMGkgrTGyNVAA5mnwYL5Ig,40.112801,-88.239078,36
zAL2xprP1KQkZR-swQIZgg,40.1135266294,-88.2459640503,36
Vb3u4Io2pgPhI37Qn61vlA,40.1075195419,-88.2432775004,7
YeZsbPK8v028W_0b1A9KEg,40.0906317389,-88.2455742365,34
3ieQn1RIeIdm1JGzUwxRVQ,40.1163569,-88.2123406,42
gY7617TMFGmPQR2A70L2vA,40.109908,-88.2412049,36
h_usUndeAdHj-wH219-wUA,40.110113,-88.233218,39
dSyhhhymN7_3qXaZRayzIg,40.1102514,-88.2335202,39
hkCjhzrDnwU2L0JcVNnw0w,40.116475,-88.243044,36
HKN_-ZvArer9TkHF5HXEOg,40.1310376876,-88.198115317,3
zO0xbqEznVuzPl54RExymg,40.139794,-88.243786,41
MSMdhoUraQ0DLLwmLbM28A,40.097774,-88.24573,32
t7x5fAc6iLA9LXeGbSR5gw,40.1167919,-88.205811,42
ByGm22_DaFNTWGPlQ20E5Q,40.1427776,-88.243865,41
qgIAjfsGIqteEu0473miPg,40.116214,-88.207915,42
RwhUzMEG2tVnZQY9dEuXzw,40.1079898,-88.2295058,39
Gjlg8YMOEPelMTrig1N8AA,40.11682,-88.242122,36
WgmAx4SWy-71daxakDNd1g,40.137405,-88.245935,41
OAyyYB_j2N2OQVPuO2udoQ,40.1054208,-88.233346,37
CIW4ylVYTXLgzH3CkxrL1g,40.104313,-88.1982139,16
d9dbAhETeCCk1gOmRsAW9Q,40.1305062,-88.1962867,3
OsSpnULG2bWKzRDDDDIiGQ,40.1102758,-88.2304104,39
Rk43miYD_mqALQHUL7eMWg,40.1148749,-88.2394277,36
DKIWhF3OhRcwRtvV9pnbsw,40.1170182,-88.2455847,36
JusiGIxO5CPZmjjsHfoxCQ,40.1089611,-88.2437602,7
BzmMwgLV32zeQPwNaUUbtg,40.1120704,-88.2324294,39
d4KAn7rKKYTdWjf_clT-PQ,40.1075515,-88.2206847,33
EYFV3b2fkt1fOqYnasonfA,40.109335,-88.23084,39
FqgotmZY0WcNjyDJh48n-w,40.1111116,-88.1822926,5
rzH3NU9teI9WVKt-hBsJjg,40.1111456,-88.2441689,36
ubWxOCe1b0pGg2Ztd4-hXg,40.1124479,-88.2084132,42
XxIlzb51ezzvYAg-fJ7pSw,40.1120887,-88.2089161,42
qUWDPFWaW0fOY66lL0diqg,40.1103591,-88.2380128,36
zUrDpsCg8lrXvHO84as0xQ,40.141341,-88.237235,41
e4NlKtPwVOpxE-z9JE6pNA,40.127471,-88.1948862,3
kQIa72d-V_MuklkrDig3Mg,40.112114,-88.241292,36
JhEA8qHfNmIh8c6OHXnaYA,40.1271729,-88.2468548,40
gkf1i_NNqZYGMkL-RZFTUQ,40.1164204,-88.2433829,36
RbThUOAzsx7am1xaft29zg,40.110082,-88.229611,39
d2gSR1couW3qGw1sluLYqQ,40.113215,-88.207619,42
AkjRUWSkuGPhTtksNo5fhQ,40.0981229,-88.2385525,22
jydmaHFFWpKKDKTJLwThyA,40.1150512695,-88.24609375,36
fSJXsu9WKB106A1CSQQYsg,40.1099946,-88.2304036,39
dtcn6Td3JmqJCXlq1Uri7w,40.105187,-88.243851,7
vDnXB_JPHvzFLKfYxub-XQ,40.087852,-88.170282,38
-Fwt0yM17CvpDv12ld6mmw,40.0927251,-88.1635162,24
wYT34MQMvjXU_j62UiyFtQ,40.110518,-88.237281,39
ib15YbFAejymqZIQPnxbjA,40.110526,-88.242771,36
JCE7ZKFCRcRvkHLnqHWu0A,40.1097387,-88.2273147,39
bQU1ujXL-KocGVjjU_e5mg,40.110443,-88.234443,39
fF8xSa16EAtR_OmUnJVNug,40.110351,-88.231456,39
dXLRevtIEnAvjUhPM_zTEg,40.110041,-88.2296889,39
Tc31Xxq_730plC4imUphzA,40.1041332,-88.2209428,33
IZOKtFjm_hiL4OGmCq2NNA,40.112757,-88.2085029,42
oj15e-jsX5_aZCrE4F_rtQ,40.1127464,-88.2077222,42
e6bg8Dehm5ZVh9SbndEQjQ,40.0875539,-88.2463104,34
1iHsltcNWtMDll6Xf3SbYQ,40.1026786,-88.2199549,10
05FJCAvUFOAk8B_nIOqt7A,40.1105579,-88.2311675,39
zMN8UGd1zDEreT58OCdnyg,40.1103909,-88.2361709,39
msA4kFKchj9_cP2JzuyH6w,40.110109,-88.229995,39
X9fFsMHgWnXZd63U82nlWQ,40.1104646646,-88.2371576184,39
WrsF_B4UoJ7CGUt4ZOvvOQ,40.1060728,-88.2217733,33
lN-Yl_ieWU5LTNXGaddaTA,40.119484,-88.2425219,36
VyqJehEkM6jlrzbXOudviw,40.112825,-88.239211,36
maA9Fx7-ykcmzkkz6cEHiw,40.110113,-88.233218,39
tjtja17w3r-yBUXnG2KNaQ,40.1427776,-88.243865,41
gpokyKfaiK4_3EXjEqMc5A,40.1108024867,-88.2064390182,42
HlbqMsE2pt49E0rsKwXl6A,40.115214,-88.178788,5
URAkdLzbFwbhvp087RlvzA,40.098023,-88.192765,43
l8B35OwrDUQTg5ojQu0tEA,40.1097306,-88.2303742,39
hD-r-Bk9fNW6qSRB9Zpz1Q,40.1006132,-88.2191444,10
L5RqnvOXfdbkkQyEPAOqsg,40.116124,-88.21181,42
iK_jWW1xRfLCq693JVmD6A,40.1065381,-88.22929,33
rm2OnyNDnlWkSNUSxETsGg,40.1178627014,-88.2433013916,36
79hY0d7j45ZRjTAB2d0jQQ,40.1081556,-88.2297751,39
4UG9uGnByKgoiuVpC0DthA,40.111024,-88.197063,13
TRNYNeiLLY-1yobo4rArxQ,40.1113062,-88.2289026,39
qSwb2VJNzCKfY4FvqJM4eQ,40.1126367,-88.2401565,36
ZTWPlY-qUhK2Pdp35rxong,40.113195,-88.207789,42
GjXFqTSGoVoExrs8ifAiWQ,40.0960909,-88.1907853,43
8zaahO6vCRqr26E5z-VJ-Q,40.116032,-88.238533,36
j8zMF1H7Tr-efRIdt6YN9Q,40.1059233,-88.2120315,19
z5ngvM3CIkjAWF_vJC2xDw,40.133593,-88.178358,25
fREkmfcmiusbDkXDKRit3g,40.110041,-88.2296889,39
kXpQzN1jJ3vHuvUnbvqxzg,40.1111797,-88.2255837,39
pPWre8lbVAssER6CN0uWMw,40.116597,-88.242292,36
EKr_ev4Mxj1lvsRKFyCwGg,40.1135571,-88.2089404,42
iOnQLUbEfnSO7LUR4F87Xg,40.0835549,-88.166931,38
KFbxRthy3tKt-oi1Jp7XdQ,40.0867848496,-88.2479522377,34
mSTjlawGZcbg8YBQx9UxFg,40.116832,-88.207131,42
ftjhXiYI0CFOk_px-lafWw,40.1385059,-88.2448836,41
qJlrHs5iyFOLA7Wly-M0pg,40.1163619,-88.2307583,39
RcHfSp2qCW8DFwpmpuNv4A,40.1100823,-88.2296913,39
3AtlNePpVHC-D1a49LqFtA,40.1108047945,-88.2302965969,39
DrH5vlQM5g_K2yFoaRlvBQ,40.1101263,-88.2315292,39
-k-VmpnaXaGmw03km2QdUA,40.1160969,-88.2340246,39
zLkok9inSL4lzVoSzfpxAA,40.09783,-88.24837,32
0lFRJ0q1PU_R4YaLNRWnpA,40.118535,-88.244967,36
fZiZKAFZkm5tqCKvD2n0_A,40.1390293,-88.2431953,41
zOaUK1e0W7TtyYabzDBK9w,40.1181331448,-88.242899908,36
dw6kMj7WSA2ZRk0FqqjqrQ,40.117733,-88.243876,36
sMkcOCr40SQ-yImyrx3rNg,40.1113078,-88.2092503,42
QWMwvT3voF9af9bZEwYj1A,40.0930313,-88.1906486,43
kMcbuXZx3iILJVEPyLgPpQ,40.1427776,-88.243865,41
hy9t4AZaPOszsR73wEKm3w,40.1430719,-88.2396119,41
2y-lxsP5JSOT8QfLkMx68w,40.1134471,-88.2030657,42
XW3R4wyKl3GPSO7q0_USiw,40.097699,-88.191295,43
6UftUvNBqANqybf8wpWeNA,40.1113654,-88.228907,39
Cu4WjKd2EZ-b5PxPXyH9EA,40.1166102,-88.2412504,36
5FPsw0_mNhylWujmJHseCQ,40.1160138,-88.2328416,39
ZkXg6OJNkSdj5wILMeyhhA,40.118413,-88.2430914,36
_tYZuomgsRsye59b1baGSQ,40.1166989,-88.223116,6
umq8alp-uLf3hXnpSC99WA,40.0835385,-88.2228985,26
Fb3Pl0PO_ojEyChkM_SApA,40.1092784,-88.2317452,39
CWkZy98M36YZRnar1O2P8A,40.1087201,-88.2288864,39
_gr8yc554Sz8jx1ThLXcWg,40.1179288,-88.2416361,36
R7BhC4Yrwi2HVZHi7VX_tQ,40.0977687,-88.1903451,43
cab8Jri_Zdz2487hG5em6w,40.1164204,-88.2433829,36
9nmeU-OOyxkn8vRy5dolNg,40.1065109,-88.2218027,33
UpmqFP704KlAXpTf6mSr9A,40.116715,-88.240606,36
i7lY2Ip8dEIkyuI75vNO4Q,40.11566,-88.241458,36
8w18zF8H08UhdmiMPYry-g,40.110524,-88.241673,36
UV04TEpMGWoQs36FkBwOgQ,40.097136,-88.245695,32
xJwYqy04FB7GRRUNQmMDBQ,40.1221402,-88.2435604,36
vY3jiyABOyFOaGBujou8Vg,40.116715,-88.240606,36
p7pGpir_7sZZrxmOUV3Leg,40.110411,-88.242982,36
AE8xMny18PcYqmi_OXWuEQ,40.110343,-88.2458594,36
6LtZI1tpMHPZv5nVHAF6rA,40.1374307,-88.2435916,41
IUhO58Il7gUEjl1RMEncHA,40.1187461626,-88.2449555979,36
AVQQESeyYFE73ojSGtaNWQ,40.184841,-88.247577,27
FB9vthfcYNQD3PPBfMnyLg,40.1430719,-88.2396119,41
RRCF1uUIkmLcQdZauqZJAQ,40.1104696,-88.2331177,39
vXxsDHzRvQEhK6YbNs3Nww,40.11993,-88.2025,42
-dUolJA12Sfe_VycrNJDkA,40.1430719,-88.2396119,41
iYaDjwYdtqhLMY_tQFRlKA,40.105859,-88.1951107,16
fyOgdsqdxVWP-4YKs5LIUw,40.137996,-88.2403525,41
7QyBU6vqp1R9JnZYfPtNPQ,40.10959,-88.230064,39
8ID37eb95izGJ3sv-Xy2sQ,40.0987859,-88.2441596,32
C18HDr56yHQJMMzyFfEpyA,40.1104696,-88.2331177,39
yzInxReAkf7r0aRbwj02Yw,40.116825,-88.242716,36
laMD1HamiWT7pKRXDwjasA,40.111016,-88.230183,39
oh73AgLTIcSkOPGIwRFnDQ,40.1105019,-88.241184,36
xInunn6czt5-HvRypZpcew,40.1360749,-88.2495533,41
2g4mMfy5COvUlzZWfuQkKQ,40.11634,-88.22085,6
Q_GSHn1xqh9p6RozXlZyDw,40.109986,-88.233777,39
bG_b4vyijamVNfXa6c9ClQ,40.122052777,-88.2437539673,36
bmGEYg9Xw9XmCQXgeZ_Pyw,40.1154721496,-88.2432021594,36
qa9WC2u82mT8OqAHd-lO9g,40.1100452,-88.2317182,39
nUD0L9cxX8u4GTsLfrTFWQ,40.117602,-88.2414164,36
qRgEy-m4sejzTKphIFKFkw,40.1105839,-88.2070866,42
C_PGH6IeDtcOX1jheXj6mg,40.117022,-88.242084,36
bssgu4B4ViVNgAvRVpslPw,40.1167564392,-88.2114257812,42
Q9eZS4qDdJo1ker0w3wnMg,40.1105839,-88.2070866,42
jg8rb2o3n0WTB1cBxhEycg,40.109459,-88.230604,39
X-UNqji6i-G6q_5jPMHV5g,40.1101814367,-88.2296706364,39
h3mnO093k1mv2dvVrs2vyA,40.1102406,-88.2290836,39
elwuxXreWA3IVAW5qNOw3g,40.1055528,-88.2194171,33
JcKfTnqX3xO3FxvDMo-Z7w,40.1125585,-88.2114234,42
Rh2Zb7J4n9M60ByTndWH2A,40.110039,-88.229804,39
Z4ZP0LwHhG8SMTkvEcVvpg,40.1069322429,-88.2234063715,33
vXPRV12NWPtdBwpiatddIQ,40.089545,-88.245642,34
7XTt5xniJMuP2onGhI65PA,40.1125585,-88.2114234,42
shwDnhZS6pvQZXaN903XgQ,40.116597,-88.220285,6
1Aa3uOsnphBVSTrhPQynVg,40.1112697,-88.2071113,42
6SMOLuTeNpAlC6VBAgWMwQ,40.1095856,-88.2442988,7
wNb4pHTh8CzN84G8WftMzw,40.1099356,-88.2310945,39
A2T1l1RUrJ25YxfCbTN7-g,40.1102406,-88.2290836,39
8H-m0VreGoil0FXPrjB1yg,40.110053,-88.2308539,39
u06X5C_pIAVuOXOznIcPYw,40.108116,-88.230005,39
-1oj6-fkP-iO6OyW8QBqPg,40.1113,-88.229192,39
GpZTI_1a34otl9cQNbAEeA,40.107366,-88.243872,7
dooI_uBZ1bqOETA8F-E1lQ,40.1311623,-88.2181002,44
562AuYjOuZwtTbS1UYhY6Q,40.1369071,-88.2452215,41
3tcJsTFxfW366jrbPX58Qw,40.118282,-88.242445,36
-_rt1kogqF5ewBExi-1sVg,40.1155929,-88.2429788,36
i0_W9_1abdjBS7d5-pWORQ,40.110553,-88.233196,39
KI96Ec7doScwF2jD6B7RdA,40.128228,-88.199861,3
G_NB9evo2fn3_Lgfpap6iw,40.1119516,-88.2046548,42
SeQv-RJ2rS070NvSRh_siQ,40.115461,-88.2086039,42
lmDV-oW_dNn8kGHBbuNzXg,40.1133903895,-88.2027876406,42
P_X0pRArVxBjCihppLmHJg,40.1317864,-88.1975496,3
105yyfGnNxJPPFbdIgBHLw,40.1096976,-88.2305599,39
Gf9HbiraKNZpxbxwScHBVw,40.1336703544,-88.1625332782,28
kAyu3y6JA5YbE96EQLtj1w,40.111028,-88.207883,42
kLHPR_eUmAsOl-XLJSSO2Q,40.096510146,-88.1920049885,43
cFGhM-XqGCSIvOe-1XVNjw,40.109995,-88.22911,39
TD11IPIlFL9sLAWbN9FzdA,40.1166669,-88.2226072,6
oP8KsXHOUA_otHHI5JHScQ,40.1112419,-88.2072116,42
4MeniYcsZrwc_Cq6WSd3zQ,40.1102881,-88.2325689,39
7fwe5VVJ0RvmNp-u0EPN5g,40.1199288,-88.2411724,36
1FyivCp5YZl_04zHAOXfuQ,40.1125736143,-88.2091920933,42
vA8ed8BFvQxz4HFt8cHd9Q,40.140714,-88.1937109,0
gduiXKoqFTw-TXJGAYQFDA,40.1075685,-88.2433086,7
M2boe4Te0rQ5RasVJkPXng,40.1172246,-88.2051296,42
X9lUz008RWP6D0RjnQ_uVg,40.1248447,-88.1996768,2
wV1MeKhYiLGyGgunkr4Bzw,40.1169949,-88.2249375,6
NcslOIU6uFJfSNdqihmCVA,40.110635,-88.229994,39
9hpabXYGjvBw1-W9XsOHJA,40.0845162,-88.1905082,35
nTsykjLV8cKuDR10sV1IdQ,40.106881,-88.1868609,29
40KhR3J9snVooFfTdc-8ZQ,40.1080874,-88.230208,39
8RP_A9rBaDRMQUwNYSl7YA,40.106437,-88.221653,33
vxFeYTFre83stnrcLAj84A,40.117801,-88.20475,42
0lTmepLJF9XZD3ng4l-53g,40.107455,-88.232102,37
q4raCE4a8wMEETPG45HgAA,40.1106295,-88.2296312,39
1ZMcQNF-hHL0nJSnh5_a4w,40.123643,-88.200627,2
mJxu0USvbwSHcGsmwWh22A,40.1175498,-88.2431341,36
ucX104t4t_5peGfZnbI0Qg,40.1092784,-88.2317452,39
ciRNik0_EdguibEypTspFA,40.0977213,-88.2477415,32
fNYKnPfo3w8k9BdBtTpAKg,40.0847849,-88.183672,35
-u_lsFnUJDGPfe07EjPzug,40.1112699,-88.207152,42
8sQTnQCAVFt2I36yHWIZDQ,40.137997,-88.240276,41
px_FHVv6bmidLZXlfEVhaQ,40.1103289062,-88.2317519285,39
r2pKiQ9LLaaVNNvBDfPd2w,40.1185666238,-88.2432330386,36
NhxR5j9Qnao-iteD3ZiQXA,40.1164204,-88.2433829,36
6X7vAFv-Xj1TPcrJK7H2Eg,40.1165811599,-88.2418391481,36
ufOY2lQHDgSvou3YLT8gHA,40.1132,-88.208287,42
9zbY7nB-erLlMXB_ycbh5w,40.130976,-88.220219,44
94D2j-0dZlQEnSDXylrsVw,40.0947376,-88.2448367,32
RRmdG5PuMbLTTrhfBJjtyw,40.1200226,-88.2429257,36
94CbdVkX1rXZ77s2Yew3pw,40.1068514924,-88.2236856091,33
fxYiDAxCK33ANk8-QemInA,40.1167919,-88.205811,42
Cda1dk7KCQqEUabDBpCegw,40.117989,-88.244428,36
bibDVZAHz4Q9TLn1iRwlbA,40.0995845,-88.2443789,32
cvCmbiL9gnIciQTQgm4BDA,40.112862,-88.2087534,42
iUuHgmsuCPstwJlr5jH02w,40.1065109,-88.2218027,33
qf6uLRnKkZDhp0uAL7EzTg,40.113806,-88.240696,36
ODlQV0pzMfx9Fs2ErBoFng,40.0982715,-88.1895711,43
-QeQ71am64JKQmiPIThreQ,40.116024,-88.242185,36
2M-UBKKG7DyAXcvGLwNH2w,40.108,-88.222501,33
SuMg71QkocvYToNijTRq-w,40.112557,-88.210753,42
j4TaarsKxMraReBuoo33BQ,40.11481,-88.2235533,6
UvOGydGLtXt9km_ULQYyUg,40.1094299,-88.2302064,39
Sq_tjg4kKAH2V6BikH-rQQ,40.1166092,-88.2379756,36
J8-yMQ6sQJEWxEwczBW_Rg,40.110056,-88.230618,39
duJf2P7E4yj3q7KwJfYdtA,40.1166071,-88.2380866,36
crAE_fwUKeJH2dLTs6Ocxw,40.117699,-88.24061,36
2WhMtk_k6POWSmr054NDHw,40.1357212,-88.2396522,41
7tc1tVzAQqVeXSPexReGZw,40.1159854,-88.2347335,39
RSIWC7s6Mq3FCTKxuapd8Q,40.110554,-88.232373,39
HUif3t3SUkfb4T1cTXzMHA,40.110821,-88.229156,39
r3vOCZeZCzlpwHqgrSq5qw,40.1369002,-88.2388303,41
cWzGZ05TDIQS8zVZ9y2Fcg,40.1095169,-88.243046,36
niK-GkBZ_RIFscfy-nH1rg,40.091899,-88.2452807,34
Zb2Bqf6MSiSbwIz0GyK7Qw,40.1179012,-88.2042525,42
pXZtvvXtVSXHgodcGfiX_g,40.112709,-88.209325,42
39RrxAOowBFMzC7MRVbucQ,40.1092791,-88.2441468,7
aVnl-2H0blyIFIL4tBm6ew,40.1076853,-88.2436688,7
0xhkLy5-W1cvcXjwCv6INA,40.140064,-88.242503,41
EYTU_n9sYPPirtyNmucC-w,40.1220954,-88.1957748,12
Mds6dJM3kSK-8v8FtNgk3g,40.116617,-88.238179,36
h9W_1JHeYMqtXsSthBeyDA,40.1104441,-88.2316504,39
hBx67-2DzLq7YqlCKW448Q,40.1175979,-88.2413998,36
7p8FfQN5Fl572IPWeljg-A,40.117711,-88.240699,36
dnRzZsej_I1URXYqEGGm7w,40.1183926387,-88.2439332381,36
_fcrxqrOkoC7R-p0pbPDrg,40.1097387,-88.2273147,39
jrMgavh3BGmZ873__S_0ow,40.0837267,-88.2094266,30
pQuhJqax5Le_Nl_bXXWZQw,40.1181856758,-88.2436352223,36
BKPwd3cQEtam3SK3VG0G7w,40.0994856,-88.2448316,32
BNCWGVYWNEkQ586H7aYeoA,40.117638,-88.2432539,36
K5PfWwW61Ajommy9xvXdAw,40.107869,-88.2435628,7
8LCPOZXh_yvigEOWg0ZR2g,40.109243,-88.227253,39
-fo0atPmBJVRVChm49DWAg,40.162162,-88.209689,31
kEtRdEqVUJqLzd8uIIK_qQ,40.1175979,-88.2413998,36
tggufZd_TQlmg-oM0HXVjw,40.1105073,-88.2314522,39
0AKMdgvE7LjHZ6LTJNCHKw,40.13674,-88.248393,41
dJO8yBh-GIIn1vl9MDSX3A,40.116262,-88.208633,42
vBg5V39Vf4eTx1JVgl_5Pg,40.0984473,-88.2442422,32
zTSeyVj-yrhBO_4ECJYUxQ,40.1094534,-88.2304604,39
9wAPwDJJlvaWQVF56fYEfQ,40.1134471,-88.2030657,42
VJRgykgYkYna2MFdqZ5s1Q,40.1386521,-88.241438,41
IK1vnAKTv-6FMaGecUe1lA,40.1161349,-88.2428643,36
cP-PK9tUbuZVmfEoWYDI9A,40.112846,-88.204379,42
BikDzi8YhQkTJP_nAGOEUA,40.1190386,-88.2438816,36
g5I1qNIGWTU3lizsneXQiw,40.1166376,-88.2254343,6
